40.2980556,-101.3002778,966.2815552 
40.2980556,-101.1661168,905.9530640 
40.2980556,-101.0319558,866.2005005 
40.2980556,-100.8977948,862.0267944 
40.2980556,-100.7636338,810.1071167 
40.2980556,-100.6294728,827.0420532 
40.2980556,-100.4953118,795.4967041 
40.2980556,-100.3611508,762.8981934 
40.2980556,-100.2269898,738.6235962 
40.2980556,-100.0928288,706.1119385 
40.2980556,-99.9586678,663.9845581 
40.2980556,-99.8245068,670.7062988 
40.2980556,-99.6903458,661.5348511 
40.2980556,-99.5561848,673.5187378 
40.2980556,-99.4220238,707.5408936 
40.2980556,-99.2878628,706.0274658 
40.2980556,-99.1537018,675.2248535 
40.2980556,-99.0195408,661.1045532 
40.2980556,-98.8853798,652.3327026 
40.2980556,-98.7512188,619.5941162 
40.2980556,-98.6170578,604.0284424 
40.2980556,-98.4828968,608.0629883 
40.2980556,-98.3487358,585.6265259 
40.2980556,-98.2145748,539.3202515 
40.2980556,-98.0804138,529.7333984 
40.2980556,-97.9462528,515.2431641 
40.2980556,-97.8120918,502.5561829 
40.2980556,-97.6779308,471.1448364 
40.2980556,-97.5437698,476.8221130 
40.2980556,-97.4096088,464.4551392 
40.2980556,-97.2754478,457.5333252 
40.2980556,-97.1412868,452.2275696 
40.2980556,-97.0071259,435.7683105 
40.2980556,-96.8729649,404.9325867 
40.2980556,-96.7388039,387.4895020 
40.2980556,-96.6046429,418.6970825 
40.2980556,-96.4704819,428.8856201 
40.2980556,-96.3363209,422.2958679 
40.2980556,-96.2021599,378.4135742 
40.2980556,-96.0679989,357.3389587 
40.2980556,-95.9338379,347.7216492 
40.2980556,-95.7996769,341.6843872 
40.2980556,-95.6655159,304.7252502 
40.2980556,-95.5313549,268.9364014 
40.2980556,-95.3971939,289.7757568 
40.2980556,-95.2630329,295.4359741 
40.2980556,-95.1288719,315.8150330 
40.2980556,-94.9947109,328.0282288 
40.2980556,-94.8605499,325.4208069 
40.2980556,-94.7263889,314.9310913 
40.3644088,-101.3002778,948.0156250 
40.3644088,-101.1661168,848.1018677 
40.3644088,-101.0319558,877.6055908 
40.3644088,-100.8977948,842.9331665 
40.3644088,-100.7636338,859.6818237 
40.3644088,-100.6294728,819.5587769 
40.3644088,-100.4953118,785.4588623 
40.3644088,-100.3611508,775.5410156 
40.3644088,-100.2269898,723.2717285 
40.3644088,-100.0928288,715.5023804 
40.3644088,-99.9586678,683.1773071 
40.3644088,-99.8245068,692.3920898 
40.3644088,-99.6903458,699.9871826 
40.3644088,-99.5561848,704.7994995 
40.3644088,-99.4220238,715.1342163 
40.3644088,-99.2878628,707.9423218 
40.3644088,-99.1537018,673.3079834 
40.3644088,-99.0195408,660.7086792 
40.3644088,-98.8853798,643.5023804 
40.3644088,-98.7512188,643.1864014 
40.3644088,-98.6170578,586.4937134 
40.3644088,-98.4828968,577.6027222 
40.3644088,-98.3487358,569.5660400 
40.3644088,-98.2145748,551.9581299 
40.3644088,-98.0804138,520.5250854 
40.3644088,-97.9462528,521.9218750 
40.3644088,-97.8120918,506.1727295 
40.3644088,-97.6779308,496.1033936 
40.3644088,-97.5437698,480.4300232 
40.3644088,-97.4096088,469.5506592 
40.3644088,-97.2754478,462.6458435 
40.3644088,-97.1412868,416.1816101 
40.3644088,-97.0071259,419.7644348 
40.3644088,-96.8729649,388.9843445 
40.3644088,-96.7388039,417.1775818 
40.3644088,-96.6046429,421.0126953 
40.3644088,-96.4704819,430.2102051 
40.3644088,-96.3363209,382.5616455 
40.3644088,-96.2021599,336.3269348 
40.3644088,-96.0679989,399.0908508 
40.3644088,-95.9338379,359.7996521 
40.3644088,-95.7996769,277.9953918 
40.3644088,-95.6655159,330.7808838 
40.3644088,-95.5313549,274.0333557 
40.3644088,-95.3971939,279.2395020 
40.3644088,-95.2630329,314.8296509 
40.3644088,-95.1288719,306.3756409 
40.3644088,-94.9947109,322.3875122 
40.3644088,-94.8605499,318.1576538 
40.3644088,-94.7263889,340.8674316 
40.4307621,-101.3002778,919.9927979 
40.4307621,-101.1661168,901.1030273 
40.4307621,-101.0319558,909.2317505 
40.4307621,-100.8977948,898.8499146 
40.4307621,-100.7636338,839.1336670 
40.4307621,-100.6294728,835.6095581 
40.4307621,-100.4953118,828.7185669 
40.4307621,-100.3611508,794.9579468 
40.4307621,-100.2269898,764.5066528 
40.4307621,-100.0928288,751.0025024 
40.4307621,-99.9586678,709.2813721 
40.4307621,-99.8245068,732.4116821 
40.4307621,-99.6903458,732.2639160 
40.4307621,-99.5561848,738.8453369 
40.4307621,-99.4220238,713.5707397 
40.4307621,-99.2878628,695.4440918 
40.4307621,-99.1537018,678.1578369 
40.4307621,-99.0195408,666.3350830 
40.4307621,-98.8853798,668.8856812 
40.4307621,-98.7512188,615.9193726 
40.4307621,-98.6170578,599.7071533 
40.4307621,-98.4828968,581.1779175 
40.4307621,-98.3487358,540.8781738 
40.4307621,-98.2145748,553.1979370 
40.4307621,-98.0804138,539.5150757 
40.4307621,-97.9462528,528.2438965 
40.4307621,-97.8120918,511.2531738 
40.4307621,-97.6779308,499.4486389 
40.4307621,-97.5437698,490.3849792 
40.4307621,-97.4096088,484.6133118 
40.4307621,-97.2754478,477.6495056 
40.4307621,-97.1412868,431.2674255 
40.4307621,-97.0071259,421.6368408 
40.4307621,-96.8729649,425.0068054 
40.4307621,-96.7388039,417.5047302 
40.4307621,-96.6046429,433.4422607 
40.4307621,-96.4704819,412.5629272 
40.4307621,-96.3363209,368.9589539 
40.4307621,-96.2021599,372.8234253 
40.4307621,-96.0679989,378.3413696 
40.4307621,-95.9338379,325.0318909 
40.4307621,-95.7996769,316.3723755 
40.4307621,-95.6655159,274.2865601 
40.4307621,-95.5313549,342.4484863 
40.4307621,-95.3971939,314.9686890 
40.4307621,-95.2630329,318.0965576 
40.4307621,-95.1288719,313.0878601 
40.4307621,-94.9947109,336.4515686 
40.4307621,-94.8605499,340.3205872 
40.4307621,-94.7263889,344.5184326 
40.4971154,-101.3002778,945.9998169 
40.4971154,-101.1661168,942.1192627 
40.4971154,-101.0319558,900.4205933 
40.4971154,-100.8977948,912.9027710 
40.4971154,-100.7636338,878.0040894 
40.4971154,-100.6294728,869.2901001 
40.4971154,-100.4953118,821.7242432 
40.4971154,-100.3611508,783.7717285 
40.4971154,-100.2269898,765.5313721 
40.4971154,-100.0928288,737.9307861 
40.4971154,-99.9586678,754.5019531 
40.4971154,-99.8245068,756.2756348 
40.4971154,-99.6903458,755.3248901 
40.4971154,-99.5561848,745.8761597 
40.4971154,-99.4220238,723.9408569 
40.4971154,-99.2878628,690.0979614 
40.4971154,-99.1537018,677.4865112 
40.4971154,-99.0195408,668.9180908 
40.4971154,-98.8853798,649.4743652 
40.4971154,-98.7512188,625.1272583 
40.4971154,-98.6170578,613.5155640 
40.4971154,-98.4828968,588.2750854 
40.4971154,-98.3487358,572.2336426 
40.4971154,-98.2145748,557.2976685 
40.4971154,-98.0804138,541.9125366 
40.4971154,-97.9462528,529.8404541 
40.4971154,-97.8120918,511.7554016 
40.4971154,-97.6779308,502.1025391 
40.4971154,-97.5437698,497.1353760 
40.4971154,-97.4096088,485.2308350 
40.4971154,-97.2754478,471.3706360 
40.4971154,-97.1412868,461.5527039 
40.4971154,-97.0071259,423.4059753 
40.4971154,-96.8729649,454.8655396 
40.4971154,-96.7388039,449.5806274 
40.4971154,-96.6046429,423.4181824 
40.4971154,-96.4704819,393.5364990 
40.4971154,-96.3363209,367.7413635 
40.4971154,-96.2021599,324.4442139 
40.4971154,-96.0679989,347.1251831 
40.4971154,-95.9338379,295.4848328 
40.4971154,-95.7996769,298.0196228 
40.4971154,-95.6655159,276.0400085 
40.4971154,-95.5313549,327.2682800 
40.4971154,-95.3971939,308.0693359 
40.4971154,-95.2630329,299.6595764 
40.4971154,-95.1288719,304.7111206 
40.4971154,-94.9947109,293.2489929 
40.4971154,-94.8605499,347.5442200 
40.4971154,-94.7263889,352.2782288 
40.5634687,-101.3002778,960.6845093 
40.5634687,-101.1661168,989.8651123 
40.5634687,-101.0319558,914.3566895 
40.5634687,-100.8977948,888.9629517 
40.5634687,-100.7636338,907.4192505 
40.5634687,-100.6294728,863.7528687 
40.5634687,-100.4953118,821.1034546 
40.5634687,-100.3611508,795.3304443 
40.5634687,-100.2269898,788.7676392 
40.5634687,-100.0928288,757.5399170 
40.5634687,-99.9586678,755.1461792 
40.5634687,-99.8245068,775.8762817 
40.5634687,-99.6903458,769.8468628 
40.5634687,-99.5561848,765.1669922 
40.5634687,-99.4220238,708.0100708 
40.5634687,-99.2878628,687.5645142 
40.5634687,-99.1537018,672.9553833 
40.5634687,-99.0195408,660.7258301 
40.5634687,-98.8853798,646.0547485 
40.5634687,-98.7512188,627.5830688 
40.5634687,-98.6170578,617.4977417 
40.5634687,-98.4828968,598.3764648 
40.5634687,-98.3487358,580.0717773 
40.5634687,-98.2145748,564.5833130 
40.5634687,-98.0804138,546.8267212 
40.5634687,-97.9462528,534.3775635 
40.5634687,-97.8120918,521.3584595 
40.5634687,-97.6779308,503.1536560 
40.5634687,-97.5437698,482.1165466 
40.5634687,-97.4096088,477.0154419 
40.5634687,-97.2754478,468.8165283 
40.5634687,-97.1412868,457.8399963 
40.5634687,-97.0071259,433.2490234 
40.5634687,-96.8729649,438.6185608 
40.5634687,-96.7388039,438.6158447 
40.5634687,-96.6046429,404.9079590 
40.5634687,-96.4704819,426.9474487 
40.5634687,-96.3363209,355.5517578 
40.5634687,-96.2021599,324.0080872 
40.5634687,-96.0679989,300.9703369 
40.5634687,-95.9338379,351.9254150 
40.5634687,-95.7996769,317.1828003 
40.5634687,-95.6655159,277.1471558 
40.5634687,-95.5313549,331.9146118 
40.5634687,-95.3971939,324.6707764 
40.5634687,-95.2630329,318.6805725 
40.5634687,-95.1288719,321.0535278 
40.5634687,-94.9947109,329.7349854 
40.5634687,-94.8605499,334.6514282 
40.5634687,-94.7263889,340.6812134 
40.6298219,-101.3002778,957.7041626 
40.6298219,-101.1661168,958.9577637 
40.6298219,-101.0319558,978.7791138 
40.6298219,-100.8977948,916.2037354 
40.6298219,-100.7636338,882.2726440 
40.6298219,-100.6294728,808.0048828 
40.6298219,-100.4953118,773.6832886 
40.6298219,-100.3611508,823.2625732 
40.6298219,-100.2269898,801.1174927 
40.6298219,-100.0928288,817.8156128 
40.6298219,-99.9586678,816.4307251 
40.6298219,-99.8245068,782.7578125 
40.6298219,-99.6903458,778.1931152 
40.6298219,-99.5561848,725.6041870 
40.6298219,-99.4220238,698.2141724 
40.6298219,-99.2878628,681.3238525 
40.6298219,-99.1537018,663.0932007 
40.6298219,-99.0195408,647.0626831 
40.6298219,-98.8853798,635.1710205 
40.6298219,-98.7512188,634.4692993 
40.6298219,-98.6170578,617.4900513 
40.6298219,-98.4828968,605.0467529 
40.6298219,-98.3487358,577.6694336 
40.6298219,-98.2145748,549.6154175 
40.6298219,-98.0804138,544.6453857 
40.6298219,-97.9462528,536.1642456 
40.6298219,-97.8120918,520.0766602 
40.6298219,-97.6779308,513.7554932 
40.6298219,-97.5437698,493.9995728 
40.6298219,-97.4096088,483.8446960 
40.6298219,-97.2754478,465.3590698 
40.6298219,-97.1412868,452.8367920 
40.6298219,-97.0071259,433.2397461 
40.6298219,-96.8729649,436.1669617 
40.6298219,-96.7388039,379.8757019 
40.6298219,-96.6046429,419.3673401 
40.6298219,-96.4704819,416.4302368 
40.6298219,-96.3363209,390.0654907 
40.6298219,-96.2021599,354.3905640 
40.6298219,-96.0679989,337.0832520 
40.6298219,-95.9338379,377.0020752 
40.6298219,-95.7996769,280.5299988 
40.6298219,-95.6655159,344.0758057 
40.6298219,-95.5313549,322.3867188 
40.6298219,-95.3971939,340.4412842 
40.6298219,-95.2630329,345.8843079 
40.6298219,-95.1288719,338.9908752 
40.6298219,-94.9947109,295.0943909 
40.6298219,-94.8605499,331.5229797 
40.6298219,-94.7263889,357.7978210 
40.6961752,-101.3002778,988.8751221 
40.6961752,-101.1661168,992.6048584 
40.6961752,-101.0319558,915.3858643 
40.6961752,-100.8977948,931.1853027 
40.6961752,-100.7636338,883.8731689 
40.6961752,-100.6294728,852.9097900 
40.6961752,-100.4953118,857.0324707 
40.6961752,-100.3611508,847.7459717 
40.6961752,-100.2269898,844.1197510 
40.6961752,-100.0928288,835.2244263 
40.6961752,-99.9586678,800.7890015 
40.6961752,-99.8245068,786.2596436 
40.6961752,-99.6903458,719.4449463 
40.6961752,-99.5561848,704.5916138 
40.6961752,-99.4220238,692.4122925 
40.6961752,-99.2878628,678.9837036 
40.6961752,-99.1537018,668.7492065 
40.6961752,-99.0195408,647.2189941 
40.6961752,-98.8853798,630.4435425 
40.6961752,-98.7512188,617.0192261 
40.6961752,-98.6170578,614.7135620 
40.6961752,-98.4828968,601.5985107 
40.6961752,-98.3487358,590.4648438 
40.6961752,-98.2145748,564.5359497 
40.6961752,-98.0804138,540.4465332 
40.6961752,-97.9462528,534.3550415 
40.6961752,-97.8120918,519.2705688 
40.6961752,-97.6779308,505.2456665 
40.6961752,-97.5437698,488.2127991 
40.6961752,-97.4096088,482.7455139 
40.6961752,-97.2754478,466.2296448 
40.6961752,-97.1412868,434.3753052 
40.6961752,-97.0071259,422.2417603 
40.6961752,-96.8729649,395.3090210 
40.6961752,-96.7388039,397.4202881 
40.6961752,-96.6046429,419.5661316 
40.6961752,-96.4704819,380.4447327 
40.6961752,-96.3363209,337.7703857 
40.6961752,-96.2021599,359.9209290 
40.6961752,-96.0679989,329.1797180 
40.6961752,-95.9338379,356.6418762 
40.6961752,-95.7996769,281.1902771 
40.6961752,-95.6655159,348.3512573 
40.6961752,-95.5313549,284.7977600 
40.6961752,-95.3971939,336.1578979 
40.6961752,-95.2630329,330.8981018 
40.6961752,-95.1288719,348.7830811 
40.6961752,-94.9947109,317.3762512 
40.6961752,-94.8605499,327.6516724 
40.6961752,-94.7263889,366.4712219 
40.7625285,-101.3002778,985.6451416 
40.7625285,-101.1661168,961.8372803 
40.7625285,-101.0319558,913.3775024 
40.7625285,-100.8977948,915.0151978 
40.7625285,-100.7636338,873.1489868 
40.7625285,-100.6294728,894.9350586 
40.7625285,-100.4953118,883.4624634 
40.7625285,-100.3611508,861.7530518 
40.7625285,-100.2269898,854.8197021 
40.7625285,-100.0928288,845.7171021 
40.7625285,-99.9586678,768.7891235 
40.7625285,-99.8245068,734.9765015 
40.7625285,-99.6903458,722.0560303 
40.7625285,-99.5561848,709.1367798 
40.7625285,-99.4220238,722.6019287 
40.7625285,-99.2878628,700.9660645 
40.7625285,-99.1537018,669.4833374 
40.7625285,-99.0195408,648.6388550 
40.7625285,-98.8853798,634.0444946 
40.7625285,-98.7512188,617.4982910 
40.7625285,-98.6170578,599.3112183 
40.7625285,-98.4828968,586.3405151 
40.7625285,-98.3487358,588.2220459 
40.7625285,-98.2145748,565.0927124 
40.7625285,-98.0804138,546.7661743 
40.7625285,-97.9462528,535.5114746 
40.7625285,-97.8120918,522.8980713 
40.7625285,-97.6779308,504.6163025 
40.7625285,-97.5437698,482.9885254 
40.7625285,-97.4096088,459.4528198 
40.7625285,-97.2754478,442.6873474 
40.7625285,-97.1412868,466.2612610 
40.7625285,-97.0071259,442.3995972 
40.7625285,-96.8729649,381.5500793 
40.7625285,-96.7388039,365.8017883 
40.7625285,-96.6046429,410.2120056 
40.7625285,-96.4704819,400.4253845 
40.7625285,-96.3363209,379.4589844 
40.7625285,-96.2021599,383.0429077 
40.7625285,-96.0679989,372.8845215 
40.7625285,-95.9338379,327.4338989 
40.7625285,-95.7996769,283.4506531 
40.7625285,-95.6655159,319.2084961 
40.7625285,-95.5313549,327.1316833 
40.7625285,-95.3971939,291.5871887 
40.7625285,-95.2630329,319.5917053 
40.7625285,-95.1288719,334.8512878 
40.7625285,-94.9947109,300.8840637 
40.7625285,-94.8605499,357.1587219 
40.7625285,-94.7263889,361.2818604 
40.8288818,-101.3002778,999.3206787 
40.8288818,-101.1661168,944.7597046 
40.8288818,-101.0319558,946.2789917 
40.8288818,-100.8977948,903.7188110 
40.8288818,-100.7636338,913.7896118 
40.8288818,-100.6294728,880.7551270 
40.8288818,-100.4953118,867.1745605 
40.8288818,-100.3611508,924.2661133 
40.8288818,-100.2269898,858.4136353 
40.8288818,-100.0928288,778.1716919 
40.8288818,-99.9586678,753.8975830 
40.8288818,-99.8245068,745.1552124 
40.8288818,-99.6903458,731.2786865 
40.8288818,-99.5561848,747.3320312 
40.8288818,-99.4220238,748.7617798 
40.8288818,-99.2878628,681.0622559 
40.8288818,-99.1537018,681.3291626 
40.8288818,-99.0195408,673.1326294 
40.8288818,-98.8853798,675.4827271 
40.8288818,-98.7512188,614.5136719 
40.8288818,-98.6170578,600.5759888 
40.8288818,-98.4828968,581.9819336 
40.8288818,-98.3487358,569.5982056 
40.8288818,-98.2145748,571.6132812 
40.8288818,-98.0804138,552.0219727 
40.8288818,-97.9462528,543.6528931 
40.8288818,-97.8120918,524.6424561 
40.8288818,-97.6779308,505.0543823 
40.8288818,-97.5437698,492.7854309 
40.8288818,-97.4096088,480.4162292 
40.8288818,-97.2754478,465.4117126 
40.8288818,-97.1412868,463.3966980 
40.8288818,-97.0071259,468.5501099 
40.8288818,-96.8729649,376.4672546 
40.8288818,-96.7388039,350.9874878 
40.8288818,-96.6046429,386.3374634 
40.8288818,-96.4704819,388.4995117 
40.8288818,-96.3363209,403.0820923 
40.8288818,-96.2021599,388.2482910 
40.8288818,-96.0679989,356.5054321 
40.8288818,-95.9338379,312.3026123 
40.8288818,-95.7996769,286.4694519 
40.8288818,-95.6655159,348.2033691 
40.8288818,-95.5313549,332.0424805 
40.8288818,-95.3971939,339.9187622 
40.8288818,-95.2630329,336.5895996 
40.8288818,-95.1288719,334.3501892 
40.8288818,-94.9947109,306.1163025 
40.8288818,-94.8605499,377.9237671 
40.8288818,-94.7263889,369.0689392 
40.8952350,-101.3002778,986.0159302 
40.8952350,-101.1661168,956.5154419 
40.8952350,-101.0319558,961.4393311 
40.8952350,-100.8977948,922.4507446 
40.8952350,-100.7636338,932.5822144 
40.8952350,-100.6294728,915.9183350 
40.8952350,-100.4953118,892.8945312 
40.8952350,-100.3611508,890.1531372 
40.8952350,-100.2269898,793.1937256 
40.8952350,-100.0928288,772.4309082 
40.8952350,-99.9586678,765.8306885 
40.8952350,-99.8245068,756.1235352 
40.8952350,-99.6903458,784.6190796 
40.8952350,-99.5561848,779.4227295 
40.8952350,-99.4220238,758.7305908 
40.8952350,-99.2878628,727.4106445 
40.8952350,-99.1537018,676.7365723 
40.8952350,-99.0195408,676.5281982 
40.8952350,-98.8853798,650.0820312 
40.8952350,-98.7512188,625.2308350 
40.8952350,-98.6170578,596.6759644 
40.8952350,-98.4828968,582.4414062 
40.8952350,-98.3487358,564.7868652 
40.8952350,-98.2145748,575.0327759 
40.8952350,-98.0804138,558.4875488 
40.8952350,-97.9462528,531.1842041 
40.8952350,-97.8120918,528.0531616 
40.8952350,-97.6779308,505.8633118 
40.8952350,-97.5437698,502.4305420 
40.8952350,-97.4096088,492.5603638 
40.8952350,-97.2754478,479.3336182 
40.8952350,-97.1412868,453.9329224 
40.8952350,-97.0071259,473.3042603 
40.8952350,-96.8729649,404.9465027 
40.8952350,-96.7388039,385.9681702 
40.8952350,-96.6046429,343.2330017 
40.8952350,-96.4704819,363.1961365 
40.8952350,-96.3363209,390.1012573 
40.8952350,-96.2021599,361.2317505 
40.8952350,-96.0679989,370.5651855 
40.8952350,-95.9338379,370.3509827 
40.8952350,-95.7996769,288.9210510 
40.8952350,-95.6655159,365.6427612 
40.8952350,-95.5313549,320.6056213 
40.8952350,-95.3971939,330.4880676 
40.8952350,-95.2630329,333.9610901 
40.8952350,-95.1288719,365.2319946 
40.8952350,-94.9947109,311.2186890 
40.8952350,-94.8605499,361.9754333 
40.8952350,-94.7263889,364.9888000 
40.9615883,-101.3002778,990.2088623 
40.9615883,-101.1661168,969.9346924 
40.9615883,-101.0319558,959.2946167 
40.9615883,-100.8977948,931.3020630 
40.9615883,-100.7636338,930.1768188 
40.9615883,-100.6294728,926.2207642 
40.9615883,-100.4953118,886.9537964 
40.9615883,-100.3611508,813.5877686 
40.9615883,-100.2269898,795.6942139 
40.9615883,-100.0928288,794.7545166 
40.9615883,-99.9586678,784.4812012 
40.9615883,-99.8245068,809.5606079 
40.9615883,-99.6903458,772.1624756 
40.9615883,-99.5561848,729.9471436 
40.9615883,-99.4220238,724.3905640 
40.9615883,-99.2878628,687.5364990 
40.9615883,-99.1537018,668.2832642 
40.9615883,-99.0195408,657.5422363 
40.9615883,-98.8853798,633.6347046 
40.9615883,-98.7512188,625.4307251 
40.9615883,-98.6170578,597.0109863 
40.9615883,-98.4828968,578.3536377 
40.9615883,-98.3487358,564.8572388 
40.9615883,-98.2145748,547.3956299 
40.9615883,-98.0804138,563.2213745 
40.9615883,-97.9462528,547.7172852 
40.9615883,-97.8120918,532.4351196 
40.9615883,-97.6779308,515.1879883 
40.9615883,-97.5437698,481.7666016 
40.9615883,-97.4096088,491.7224426 
40.9615883,-97.2754478,460.7928467 
40.9615883,-97.1412868,445.1095886 
40.9615883,-97.0071259,474.5347900 
40.9615883,-96.8729649,389.5610046 
40.9615883,-96.7388039,381.6903992 
40.9615883,-96.6046429,360.3082581 
40.9615883,-96.4704819,334.8188782 
40.9615883,-96.3363209,381.7729492 
40.9615883,-96.2021599,360.4703064 
40.9615883,-96.0679989,367.0328979 
40.9615883,-95.9338379,323.6211853 
40.9615883,-95.7996769,290.8372498 
40.9615883,-95.6655159,373.0316162 
40.9615883,-95.5313549,318.9485779 
40.9615883,-95.3971939,354.2579346 
40.9615883,-95.2630329,309.2618713 
40.9615883,-95.1288719,377.1297302 
40.9615883,-94.9947109,312.2460327 
40.9615883,-94.8605499,327.6348877 
40.9615883,-94.7263889,382.2641296 
41.0279416,-101.3002778,986.7898560 
41.0279416,-101.1661168,961.1085205 
41.0279416,-101.0319558,954.3427734 
41.0279416,-100.8977948,936.0443115 
41.0279416,-100.7636338,914.0000000 
41.0279416,-100.6294728,945.6167603 
41.0279416,-100.4953118,819.6528320 
41.0279416,-100.3611508,819.5720215 
41.0279416,-100.2269898,827.1062622 
41.0279416,-100.0928288,828.5001221 
41.0279416,-99.9586678,812.6575317 
41.0279416,-99.8245068,798.9745483 
41.0279416,-99.6903458,791.0191650 
41.0279416,-99.5561848,761.8064575 
41.0279416,-99.4220238,705.5403442 
41.0279416,-99.2878628,677.5925293 
41.0279416,-99.1537018,657.6881714 
41.0279416,-99.0195408,642.2478638 
41.0279416,-98.8853798,605.4932251 
41.0279416,-98.7512188,588.4418335 
41.0279416,-98.6170578,602.9812622 
41.0279416,-98.4828968,584.2563477 
41.0279416,-98.3487358,560.2128296 
41.0279416,-98.2145748,543.6176758 
41.0279416,-98.0804138,529.0243530 
41.0279416,-97.9462528,546.8095093 
41.0279416,-97.8120918,520.9430542 
41.0279416,-97.6779308,523.7734375 
41.0279416,-97.5437698,503.6897583 
41.0279416,-97.4096088,493.7778931 
41.0279416,-97.2754478,482.9319153 
41.0279416,-97.1412868,485.0105591 
41.0279416,-97.0071259,450.4142456 
41.0279416,-96.8729649,440.5372314 
41.0279416,-96.7388039,422.8111877 
41.0279416,-96.6046429,379.9587708 
41.0279416,-96.4704819,354.2632446 
41.0279416,-96.3363209,366.1841736 
41.0279416,-96.2021599,353.5045471 
41.0279416,-96.0679989,333.3499756 
41.0279416,-95.9338379,328.0315247 
41.0279416,-95.7996769,291.6718750 
41.0279416,-95.6655159,374.0592957 
41.0279416,-95.5313549,303.2223816 
41.0279416,-95.3971939,332.6332397 
41.0279416,-95.2630329,337.9370728 
41.0279416,-95.1288719,376.9033813 
41.0279416,-94.9947109,319.1031494 
41.0279416,-94.8605499,331.7541504 
41.0279416,-94.7263889,380.5673218 
41.0942949,-101.3002778,961.0241699 
41.0942949,-101.1661168,926.0504761 
41.0942949,-101.0319558,935.9292603 
41.0942949,-100.8977948,890.8903809 
41.0942949,-100.7636338,854.0097046 
41.0942949,-100.6294728,837.5616455 
41.0942949,-100.4953118,826.0011597 
41.0942949,-100.3611508,868.1237793 
41.0942949,-100.2269898,874.5346069 
41.0942949,-100.0928288,888.9604492 
41.0942949,-99.9586678,828.7847290 
41.0942949,-99.8245068,836.7959595 
41.0942949,-99.6903458,779.3425293 
41.0942949,-99.5561848,713.0311890 
41.0942949,-99.4220238,742.7067261 
41.0942949,-99.2878628,720.9879761 
41.0942949,-99.1537018,675.7125854 
41.0942949,-99.0195408,648.1793823 
41.0942949,-98.8853798,643.5050049 
41.0942949,-98.7512188,614.3222656 
41.0942949,-98.6170578,600.4254150 
41.0942949,-98.4828968,569.4929199 
41.0942949,-98.3487358,569.4690552 
41.0942949,-98.2145748,542.0662231 
41.0942949,-98.0804138,526.4804077 
41.0942949,-97.9462528,513.3248291 
41.0942949,-97.8120918,529.2930298 
41.0942949,-97.6779308,514.0158081 
41.0942949,-97.5437698,505.7485657 
41.0942949,-97.4096088,486.1046448 
41.0942949,-97.2754478,464.0414124 
41.0942949,-97.1412868,487.0637512 
41.0942949,-97.0071259,461.7120056 
41.0942949,-96.8729649,426.9274292 
41.0942949,-96.7388039,399.2396851 
41.0942949,-96.6046429,363.0745544 
41.0942949,-96.4704819,341.6868896 
41.0942949,-96.3363209,325.0000000 
41.0942949,-96.2021599,349.3019104 
41.0942949,-96.0679989,351.0391541 
41.0942949,-95.9338379,315.8602905 
41.0942949,-95.7996769,386.2810669 
41.0942949,-95.6655159,374.4252319 
41.0942949,-95.5313549,341.3037415 
41.0942949,-95.3971939,355.4052429 
41.0942949,-95.2630329,332.6683960 
41.0942949,-95.1288719,389.4237671 
41.0942949,-94.9947109,329.6356201 
41.0942949,-94.8605499,368.3373413 
41.0942949,-94.7263889,379.2072754 
41.1606482,-101.3002778,915.8217773 
41.1606482,-101.1661168,930.6785278 
41.1606482,-101.0319558,887.0009766 
41.1606482,-100.8977948,870.4462280 
41.1606482,-100.7636338,854.3822021 
41.1606482,-100.6294728,869.0132446 
41.1606482,-100.4953118,873.8844604 
41.1606482,-100.3611508,866.2177734 
41.1606482,-100.2269898,921.5346069 
41.1606482,-100.0928288,858.1293945 
41.1606482,-99.9586678,882.0052490 
41.1606482,-99.8245068,801.7389526 
41.1606482,-99.6903458,779.3588867 
41.1606482,-99.5561848,735.5761719 
41.1606482,-99.4220238,748.1958618 
41.1606482,-99.2878628,703.1955566 
41.1606482,-99.1537018,664.5040894 
41.1606482,-99.0195408,695.5668945 
41.1606482,-98.8853798,607.7033081 
41.1606482,-98.7512188,633.4430542 
41.1606482,-98.6170578,604.0363770 
41.1606482,-98.4828968,551.2885742 
41.1606482,-98.3487358,565.8707886 
41.1606482,-98.2145748,540.4086304 
41.1606482,-98.0804138,525.4227905 
41.1606482,-97.9462528,508.1423035 
41.1606482,-97.8120918,532.9602661 
41.1606482,-97.6779308,522.4320679 
41.1606482,-97.5437698,510.4795837 
41.1606482,-97.4096088,497.3994446 
41.1606482,-97.2754478,488.8741455 
41.1606482,-97.1412868,485.8003540 
41.1606482,-97.0071259,502.0548706 
41.1606482,-96.8729649,427.6684570 
41.1606482,-96.7388039,427.0679932 
41.1606482,-96.6046429,367.1006775 
41.1606482,-96.4704819,355.7732239 
41.1606482,-96.3363209,332.2583923 
41.1606482,-96.2021599,363.9606934 
41.1606482,-96.0679989,314.0449524 
41.1606482,-95.9338379,326.6438293 
41.1606482,-95.7996769,351.7312927 
41.1606482,-95.6655159,330.8528442 
41.1606482,-95.5313549,343.2596436 
41.1606482,-95.3971939,333.6503601 
41.1606482,-95.2630329,371.2268982 
41.1606482,-95.1288719,373.6374817 
41.1606482,-94.9947109,371.9587708 
41.1606482,-94.8605499,357.8257141 
41.1606482,-94.7263889,378.9814758 
41.2270014,-101.3002778,962.4722290 
41.2270014,-101.1661168,939.7853394 
41.2270014,-101.0319558,901.2617188 
41.2270014,-100.8977948,878.6213379 
41.2270014,-100.7636338,911.0325317 
41.2270014,-100.6294728,891.1152954 
41.2270014,-100.4953118,891.0787964 
41.2270014,-100.3611508,903.9635010 
41.2270014,-100.2269898,898.6522827 
41.2270014,-100.0928288,880.8986206 
41.2270014,-99.9586678,853.9328003 
41.2270014,-99.8245068,814.5817261 
41.2270014,-99.6903458,758.1116943 
41.2270014,-99.5561848,797.1306763 
41.2270014,-99.4220238,750.9542236 
41.2270014,-99.2878628,676.4796753 
41.2270014,-99.1537018,662.0392456 
41.2270014,-99.0195408,669.6742554 
41.2270014,-98.8853798,655.9405518 
41.2270014,-98.7512188,615.0726929 
41.2270014,-98.6170578,614.3414307 
41.2270014,-98.4828968,587.4868774 
41.2270014,-98.3487358,560.4575195 
41.2270014,-98.2145748,536.4241333 
41.2270014,-98.0804138,520.9046631 
41.2270014,-97.9462528,504.4082031 
41.2270014,-97.8120918,490.6262207 
41.2270014,-97.6779308,486.2521667 
41.2270014,-97.5437698,510.4380798 
41.2270014,-97.4096088,502.7183228 
41.2270014,-97.2754478,492.6873474 
41.2270014,-97.1412868,489.0905151 
41.2270014,-97.0071259,510.3225708 
41.2270014,-96.8729649,466.7528076 
41.2270014,-96.7388039,390.1295776 
41.2270014,-96.6046429,371.7841492 
41.2270014,-96.4704819,363.4987793 
41.2270014,-96.3363209,338.9518738 
41.2270014,-96.2021599,355.2349548 
41.2270014,-96.0679989,350.3602905 
41.2270014,-95.9338379,337.4569092 
41.2270014,-95.7996769,327.6328735 
41.2270014,-95.6655159,349.9931946 
41.2270014,-95.5313549,364.3395081 
41.2270014,-95.3971939,363.2306824 
41.2270014,-95.2630329,395.7415466 
41.2270014,-95.1288719,336.3011780 
41.2270014,-94.9947109,374.0292053 
41.2270014,-94.8605499,393.9106140 
41.2270014,-94.7263889,409.9377747 
41.2933547,-101.3002778,1002.6294556 
41.2933547,-101.1661168,963.9191284 
41.2933547,-101.0319558,938.6881714 
41.2933547,-100.8977948,941.5675049 
41.2933547,-100.7636338,913.4335938 
41.2933547,-100.6294728,907.3143921 
41.2933547,-100.4953118,901.7695312 
41.2933547,-100.3611508,888.2503052 
41.2933547,-100.2269898,918.8217163 
41.2933547,-100.0928288,843.8108521 
41.2933547,-99.9586678,787.4453735 
41.2933547,-99.8245068,786.7684937 
41.2933547,-99.6903458,815.0576782 
41.2933547,-99.5561848,798.4218140 
41.2933547,-99.4220238,720.8189697 
41.2933547,-99.2878628,750.7678833 
41.2933547,-99.1537018,700.6801147 
41.2933547,-99.0195408,638.9845581 
41.2933547,-98.8853798,660.8292236 
41.2933547,-98.7512188,645.2026978 
41.2933547,-98.6170578,578.4956665 
41.2933547,-98.4828968,568.2101440 
41.2933547,-98.3487358,544.1900024 
41.2933547,-98.2145748,537.5670166 
41.2933547,-98.0804138,513.6007690 
41.2933547,-97.9462528,518.6824341 
41.2933547,-97.8120918,493.0417480 
41.2933547,-97.6779308,473.6053772 
41.2933547,-97.5437698,464.1836548 
41.2933547,-97.4096088,463.5969543 
41.2933547,-97.2754478,473.8258362 
41.2933547,-97.1412868,490.4612122 
41.2933547,-97.0071259,475.1771851 
41.2933547,-96.8729649,466.7247925 
41.2933547,-96.7388039,415.3056030 
41.2933547,-96.6046429,377.1099548 
41.2933547,-96.4704819,398.7030029 
41.2933547,-96.3363209,348.1433411 
41.2933547,-96.2021599,365.7323303 
41.2933547,-96.0679989,345.1920471 
41.2933547,-95.9338379,299.2527466 
41.2933547,-95.7996769,344.9624634 
41.2933547,-95.6655159,344.4107056 
41.2933547,-95.5313549,350.2170105 
41.2933547,-95.3971939,349.7258911 
41.2933547,-95.2630329,387.3054810 
41.2933547,-95.1288719,335.5917358 
41.2933547,-94.9947109,376.6626892 
41.2933547,-94.8605499,396.8464355 
41.2933547,-94.7263889,401.5474243 
41.3597080,-101.3002778,1000.4459839 
41.3597080,-101.1661168,971.6032715 
41.3597080,-101.0319558,938.3682861 
41.3597080,-100.8977948,951.6101074 
41.3597080,-100.7636338,956.2739258 
41.3597080,-100.6294728,926.3230591 
41.3597080,-100.4953118,915.6170654 
41.3597080,-100.3611508,904.0250244 
41.3597080,-100.2269898,868.8136597 
41.3597080,-100.0928288,805.2670288 
41.3597080,-99.9586678,818.5664673 
41.3597080,-99.8245068,856.8890381 
41.3597080,-99.6903458,848.2411499 
41.3597080,-99.5561848,743.4369507 
41.3597080,-99.4220238,752.0166626 
41.3597080,-99.2878628,711.4141846 
41.3597080,-99.1537018,700.7265015 
41.3597080,-99.0195408,672.6779785 
41.3597080,-98.8853798,687.8350220 
41.3597080,-98.7512188,639.5936279 
41.3597080,-98.6170578,563.4851074 
41.3597080,-98.4828968,612.5867920 
41.3597080,-98.3487358,582.0019531 
41.3597080,-98.2145748,581.7963257 
41.3597080,-98.0804138,566.9770508 
41.3597080,-97.9462528,487.0000000 
41.3597080,-97.8120918,493.8043213 
41.3597080,-97.6779308,477.8199768 
41.3597080,-97.5437698,457.3045959 
41.3597080,-97.4096088,446.1757507 
41.3597080,-97.2754478,440.2649231 
41.3597080,-97.1412868,429.2095337 
41.3597080,-97.0071259,457.4136658 
41.3597080,-96.8729649,456.8131409 
41.3597080,-96.7388039,420.3426208 
41.3597080,-96.6046429,385.8092346 
41.3597080,-96.4704819,393.5447388 
41.3597080,-96.3363209,346.5657959 
41.3597080,-96.2021599,368.2765198 
41.3597080,-96.0679989,364.0924072 
41.3597080,-95.9338379,301.4748840 
41.3597080,-95.7996769,358.8493042 
41.3597080,-95.6655159,349.0527954 
41.3597080,-95.5313549,363.4961243 
41.3597080,-95.3971939,333.8970642 
41.3597080,-95.2630329,405.4106445 
41.3597080,-95.1288719,342.4295654 
41.3597080,-94.9947109,372.1943359 
41.3597080,-94.8605499,388.0260925 
41.3597080,-94.7263889,411.1980591 
41.4260613,-101.3002778,1018.1749878 
41.4260613,-101.1661168,976.9433594 
41.4260613,-101.0319558,973.3021240 
41.4260613,-100.8977948,958.3748169 
41.4260613,-100.7636338,944.5065918 
41.4260613,-100.6294728,920.2403564 
41.4260613,-100.4953118,918.6094360 
41.4260613,-100.3611508,896.5858154 
41.4260613,-100.2269898,826.4832764 
41.4260613,-100.0928288,851.1826172 
41.4260613,-99.9586678,854.4306641 
41.4260613,-99.8245068,837.2474976 
41.4260613,-99.6903458,776.9741211 
41.4260613,-99.5561848,779.8681030 
41.4260613,-99.4220238,753.8309326 
41.4260613,-99.2878628,726.6268921 
41.4260613,-99.1537018,660.0295410 
41.4260613,-99.0195408,668.9487915 
41.4260613,-98.8853798,643.3525391 
41.4260613,-98.7512188,636.1990356 
41.4260613,-98.6170578,617.6312256 
41.4260613,-98.4828968,619.1770020 
41.4260613,-98.3487358,612.5690308 
41.4260613,-98.2145748,573.9254150 
41.4260613,-98.0804138,525.9351196 
41.4260613,-97.9462528,549.3021851 
41.4260613,-97.8120918,532.9656372 
41.4260613,-97.6779308,467.7513733 
41.4260613,-97.5437698,460.6475830 
41.4260613,-97.4096088,442.5399475 
41.4260613,-97.2754478,433.2580872 
41.4260613,-97.1412868,418.6803894 
41.4260613,-97.0071259,406.3021240 
41.4260613,-96.8729649,398.8974609 
41.4260613,-96.7388039,382.9261780 
41.4260613,-96.6046429,407.1286011 
41.4260613,-96.4704819,358.7852173 
41.4260613,-96.3363209,350.0000000 
41.4260613,-96.2021599,373.6650391 
41.4260613,-96.0679989,373.4840393 
41.4260613,-95.9338379,299.8583374 
41.4260613,-95.7996769,311.4523315 
41.4260613,-95.6655159,353.2109985 
41.4260613,-95.5313549,366.1828003 
41.4260613,-95.3971939,400.6156006 
41.4260613,-95.2630329,377.4145813 
41.4260613,-95.1288719,375.1127319 
41.4260613,-94.9947109,385.3978882 
41.4260613,-94.8605499,401.3464661 
41.4260613,-94.7263889,405.0812378 
41.4924145,-101.3002778,1044.8048096 
41.4924145,-101.1661168,997.9279175 
41.4924145,-101.0319558,982.5601196 
41.4924145,-100.8977948,983.8090210 
41.4924145,-100.7636338,953.8547363 
41.4924145,-100.6294728,912.5939941 
41.4924145,-100.4953118,878.5982666 
41.4924145,-100.3611508,879.4650879 
41.4924145,-100.2269898,861.2099609 
41.4924145,-100.0928288,921.3117065 
41.4924145,-99.9586678,904.6347046 
41.4924145,-99.8245068,808.6190186 
41.4924145,-99.6903458,861.4406738 
41.4924145,-99.5561848,760.0748291 
41.4924145,-99.4220238,753.6588135 
41.4924145,-99.2878628,715.8258667 
41.4924145,-99.1537018,709.7722168 
41.4924145,-99.0195408,701.6590576 
41.4924145,-98.8853798,636.3038940 
41.4924145,-98.7512188,589.0712280 
41.4924145,-98.6170578,614.4232178 
41.4924145,-98.4828968,604.7683105 
41.4924145,-98.3487358,609.8168945 
41.4924145,-98.2145748,552.5889282 
41.4924145,-98.0804138,523.8864746 
41.4924145,-97.9462528,534.9053345 
41.4924145,-97.8120918,502.7370300 
41.4924145,-97.6779308,516.1380005 
41.4924145,-97.5437698,458.7845764 
41.4924145,-97.4096088,473.7813110 
41.4924145,-97.2754478,456.2608337 
41.4924145,-97.1412868,456.2138977 
41.4924145,-97.0071259,409.6041260 
41.4924145,-96.8729649,396.4584351 
41.4924145,-96.7388039,382.7540894 
41.4924145,-96.6046429,372.3686523 
41.4924145,-96.4704819,359.8173523 
41.4924145,-96.3363209,358.2478638 
41.4924145,-96.2021599,350.4013367 
41.4924145,-96.0679989,311.4324036 
41.4924145,-95.9338379,303.4052124 
41.4924145,-95.7996769,351.0268555 
41.4924145,-95.6655159,367.2478333 
41.4924145,-95.5313549,363.1920776 
41.4924145,-95.3971939,382.3267822 
41.4924145,-95.2630329,391.7813416 
41.4924145,-95.1288719,398.1348267 
41.4924145,-94.9947109,403.2239990 
41.4924145,-94.8605499,371.6332397 
41.4924145,-94.7263889,429.8790588 
41.5587678,-101.3002778,1035.5386963 
41.5587678,-101.1661168,1016.5726318 
41.5587678,-101.0319558,1004.3349609 
41.5587678,-100.8977948,992.7577515 
41.5587678,-100.7636338,985.1791382 
41.5587678,-100.6294728,935.2316895 
41.5587678,-100.4953118,903.6833496 
41.5587678,-100.3611508,873.8750610 
41.5587678,-100.2269898,903.9474487 
41.5587678,-100.0928288,868.5286865 
41.5587678,-99.9586678,832.4161377 
41.5587678,-99.8245068,815.6351318 
41.5587678,-99.6903458,789.4847412 
41.5587678,-99.5561848,785.2545776 
41.5587678,-99.4220238,761.4954834 
41.5587678,-99.2878628,698.6287231 
41.5587678,-99.1537018,717.0112305 
41.5587678,-99.0195408,659.6195679 
41.5587678,-98.8853798,643.9281006 
41.5587678,-98.7512188,632.2651978 
41.5587678,-98.6170578,655.1341553 
41.5587678,-98.4828968,613.4209595 
41.5587678,-98.3487358,624.6118164 
41.5587678,-98.2145748,581.3767700 
41.5587678,-98.0804138,572.1098022 
41.5587678,-97.9462528,553.0042114 
41.5587678,-97.8120918,514.3006592 
41.5587678,-97.6779308,535.2692261 
41.5587678,-97.5437698,493.7322693 
41.5587678,-97.4096088,488.2719116 
41.5587678,-97.2754478,453.4812927 
41.5587678,-97.1412868,470.5426331 
41.5587678,-97.0071259,427.7868652 
41.5587678,-96.8729649,411.9337463 
41.5587678,-96.7388039,407.6534119 
41.5587678,-96.6046429,384.2443848 
41.5587678,-96.4704819,369.4800110 
41.5587678,-96.3363209,394.5418396 
41.5587678,-96.2021599,398.1718140 
41.5587678,-96.0679989,307.1004333 
41.5587678,-95.9338379,305.7527161 
41.5587678,-95.7996769,353.7663269 
41.5587678,-95.6655159,375.1947937 
41.5587678,-95.5313549,407.7369690 
41.5587678,-95.3971939,408.3764038 
41.5587678,-95.2630329,371.8700562 
41.5587678,-95.1288719,367.0279846 
41.5587678,-94.9947109,406.2567139 
41.5587678,-94.8605499,411.7423401 
41.5587678,-94.7263889,445.9745178 
41.6251211,-101.3002778,1070.8000488 
41.6251211,-101.1661168,1032.1461182 
41.6251211,-101.0319558,1012.4226685 
41.6251211,-100.8977948,991.1017456 
41.6251211,-100.7636338,950.9854736 
41.6251211,-100.6294728,922.4046631 
41.6251211,-100.4953118,911.3148804 
41.6251211,-100.3611508,890.2237549 
41.6251211,-100.2269898,858.6504517 
41.6251211,-100.0928288,840.3566284 
41.6251211,-99.9586678,837.8858643 
41.6251211,-99.8245068,830.6708984 
41.6251211,-99.6903458,779.2381592 
41.6251211,-99.5561848,736.4656372 
41.6251211,-99.4220238,738.4016113 
41.6251211,-99.2878628,703.1176147 
41.6251211,-99.1537018,706.2652588 
41.6251211,-99.0195408,678.0454102 
41.6251211,-98.8853798,628.5069580 
41.6251211,-98.7512188,686.1665649 
41.6251211,-98.6170578,661.3435669 
41.6251211,-98.4828968,653.3436279 
41.6251211,-98.3487358,578.2316284 
41.6251211,-98.2145748,565.1295166 
41.6251211,-98.0804138,574.8383179 
41.6251211,-97.9462528,548.0619507 
41.6251211,-97.8120918,561.4481812 
41.6251211,-97.6779308,511.2828064 
41.6251211,-97.5437698,518.5523682 
41.6251211,-97.4096088,490.1210327 
41.6251211,-97.2754478,506.3865051 
41.6251211,-97.1412868,492.5892334 
41.6251211,-97.0071259,459.4393005 
41.6251211,-96.8729649,432.6594543 
41.6251211,-96.7388039,414.4783630 
41.6251211,-96.6046429,378.9284668 
41.6251211,-96.4704819,391.0718079 
41.6251211,-96.3363209,406.9370728 
41.6251211,-96.2021599,352.7653503 
41.6251211,-96.0679989,306.0498657 
41.6251211,-95.9338379,307.4700623 
41.6251211,-95.7996769,318.3323364 
41.6251211,-95.6655159,374.1777039 
41.6251211,-95.5313549,361.2314148 
41.6251211,-95.3971939,395.4882202 
41.6251211,-95.2630329,382.9425964 
41.6251211,-95.1288719,377.9031372 
41.6251211,-94.9947109,420.6575012 
41.6251211,-94.8605499,390.1120300 
41.6251211,-94.7263889,411.2245178 
41.6914744,-101.3002778,1054.3833008 
41.6914744,-101.1661168,1054.7203369 
41.6914744,-101.0319558,1031.3970947 
41.6914744,-100.8977948,981.3651123 
41.6914744,-100.7636338,959.0261841 
41.6914744,-100.6294728,935.6348267 
41.6914744,-100.4953118,924.2445679 
41.6914744,-100.3611508,870.2852783 
41.6914744,-100.2269898,876.1333618 
41.6914744,-100.0928288,847.2504883 
41.6914744,-99.9586678,838.0505371 
41.6914744,-99.8245068,819.9663696 
41.6914744,-99.6903458,747.9563599 
41.6914744,-99.5561848,785.8634033 
41.6914744,-99.4220238,740.4456787 
41.6914744,-99.2878628,746.1839600 
41.6914744,-99.1537018,708.1539307 
41.6914744,-99.0195408,635.5754395 
41.6914744,-98.8853798,679.9685669 
41.6914744,-98.7512188,663.4588623 
41.6914744,-98.6170578,654.4522705 
41.6914744,-98.4828968,613.0494385 
41.6914744,-98.3487358,593.2600098 
41.6914744,-98.2145748,603.1239624 
41.6914744,-98.0804138,593.4456787 
41.6914744,-97.9462528,539.3751831 
41.6914744,-97.8120918,564.8854370 
41.6914744,-97.6779308,530.7033691 
41.6914744,-97.5437698,524.9042969 
41.6914744,-97.4096088,517.3611450 
41.6914744,-97.2754478,512.6484985 
41.6914744,-97.1412868,505.3704529 
41.6914744,-97.0071259,469.9552307 
41.6914744,-96.8729649,436.8841858 
41.6914744,-96.7388039,407.9912415 
41.6914744,-96.6046429,413.5596924 
41.6914744,-96.4704819,413.6258240 
41.6914744,-96.3363209,390.4192200 
41.6914744,-96.2021599,310.3586731 
41.6914744,-96.0679989,310.2463989 
41.6914744,-95.9338379,359.9002380 
41.6914744,-95.7996769,400.5971680 
41.6914744,-95.6655159,402.9770813 
41.6914744,-95.5313549,422.8585510 
41.6914744,-95.3971939,416.9482422 
41.6914744,-95.2630329,401.2966003 
41.6914744,-95.1288719,412.1890564 
41.6914744,-94.9947109,417.8986816 
41.6914744,-94.8605499,405.6425171 
41.6914744,-94.7263889,429.6016541 
41.7578276,-101.3002778,1057.7043457 
41.7578276,-101.1661168,1037.8463135 
41.7578276,-101.0319558,1040.5744629 
41.7578276,-100.8977948,999.5269165 
41.7578276,-100.7636338,970.9619751 
41.7578276,-100.6294728,946.1541138 
41.7578276,-100.4953118,925.2118530 
41.7578276,-100.3611508,884.5934448 
41.7578276,-100.2269898,853.9908447 
41.7578276,-100.0928288,843.6843262 
41.7578276,-99.9586678,816.7475586 
41.7578276,-99.8245068,787.1286621 
41.7578276,-99.6903458,806.1886597 
41.7578276,-99.5561848,806.6214600 
41.7578276,-99.4220238,724.4797974 
41.7578276,-99.2878628,677.6039429 
41.7578276,-99.1537018,681.0500488 
41.7578276,-99.0195408,677.7988281 
41.7578276,-98.8853798,720.9177856 
41.7578276,-98.7512188,661.8871460 
41.7578276,-98.6170578,614.0566406 
41.7578276,-98.4828968,621.7129517 
41.7578276,-98.3487358,633.1394043 
41.7578276,-98.2145748,632.4736328 
41.7578276,-98.0804138,551.3953247 
41.7578276,-97.9462528,590.3142700 
41.7578276,-97.8120918,542.0437622 
41.7578276,-97.6779308,549.2406006 
41.7578276,-97.5437698,511.5080872 
41.7578276,-97.4096088,507.0181885 
41.7578276,-97.2754478,522.9434204 
41.7578276,-97.1412868,477.2553711 
41.7578276,-97.0071259,482.6065369 
41.7578276,-96.8729649,431.7696533 
41.7578276,-96.7388039,401.0719910 
41.7578276,-96.6046429,434.4401550 
41.7578276,-96.4704819,418.4585266 
41.7578276,-96.3363209,402.1816711 
41.7578276,-96.2021599,311.1153259 
41.7578276,-96.0679989,312.7561646 
41.7578276,-95.9338379,372.3198242 
41.7578276,-95.7996769,365.1808472 
41.7578276,-95.6655159,330.2701416 
41.7578276,-95.5313549,423.5247192 
41.7578276,-95.3971939,420.4342651 
41.7578276,-95.2630329,375.9555359 
41.7578276,-95.1288719,439.7788391 
41.7578276,-94.9947109,425.4830017 
41.7578276,-94.8605499,411.0545959 
41.7578276,-94.7263889,393.8721924 
41.8241809,-101.3002778,1085.6058350 
41.8241809,-101.1661168,1035.4470215 
41.8241809,-101.0319558,1015.3547363 
41.8241809,-100.8977948,973.9310913 
41.8241809,-100.7636338,968.1442871 
41.8241809,-100.6294728,906.0185547 
41.8241809,-100.4953118,886.4148560 
41.8241809,-100.3611508,859.4719238 
41.8241809,-100.2269898,830.1762085 
41.8241809,-100.0928288,795.8669434 
41.8241809,-99.9586678,790.7371216 
41.8241809,-99.8245068,787.2693481 
41.8241809,-99.6903458,762.0667725 
41.8241809,-99.5561848,755.9099121 
41.8241809,-99.4220238,716.9195557 
41.8241809,-99.2878628,724.5140381 
41.8241809,-99.1537018,705.2504883 
41.8241809,-99.0195408,708.7611694 
41.8241809,-98.8853798,670.3264160 
41.8241809,-98.7512188,641.5465698 
41.8241809,-98.6170578,658.4427490 
41.8241809,-98.4828968,658.1598511 
41.8241809,-98.3487358,649.4520874 
41.8241809,-98.2145748,614.3110962 
41.8241809,-98.0804138,566.9494629 
41.8241809,-97.9462528,594.4980469 
41.8241809,-97.8120918,567.9037476 
41.8241809,-97.6779308,537.0913696 
41.8241809,-97.5437698,520.4371338 
41.8241809,-97.4096088,478.2584229 
41.8241809,-97.2754478,498.8123779 
41.8241809,-97.1412868,524.5938110 
41.8241809,-97.0071259,487.4709473 
41.8241809,-96.8729649,437.1542969 
41.8241809,-96.7388039,396.6109314 
41.8241809,-96.6046429,428.0251160 
41.8241809,-96.4704819,391.2579956 
41.8241809,-96.3363209,415.7031860 
41.8241809,-96.2021599,313.2424011 
41.8241809,-96.0679989,313.2644043 
41.8241809,-95.9338379,322.9643555 
41.8241809,-95.7996769,430.2727661 
41.8241809,-95.6655159,402.7958374 
41.8241809,-95.5313549,403.8184814 
41.8241809,-95.3971939,402.6897888 
41.8241809,-95.2630329,437.0603943 
41.8241809,-95.1288719,440.9501648 
41.8241809,-94.9947109,450.4769897 
41.8241809,-94.8605499,407.3214417 
41.8241809,-94.7263889,401.0572510 
41.8905342,-101.3002778,1071.7329102 
41.8905342,-101.1661168,1052.8746338 
41.8905342,-101.0319558,1004.0419312 
41.8905342,-100.8977948,976.1039429 
41.8905342,-100.7636338,933.5839233 
41.8905342,-100.6294728,907.3124390 
41.8905342,-100.4953118,898.2448120 
41.8905342,-100.3611508,858.2003784 
41.8905342,-100.2269898,817.0076904 
41.8905342,-100.0928288,831.0673828 
41.8905342,-99.9586678,824.0674438 
41.8905342,-99.8245068,771.8463745 
41.8905342,-99.6903458,771.5223999 
41.8905342,-99.5561848,728.8649902 
41.8905342,-99.4220238,744.7818604 
41.8905342,-99.2878628,683.0000000 
41.8905342,-99.1537018,720.9732056 
41.8905342,-99.0195408,687.6898804 
41.8905342,-98.8853798,674.4812622 
41.8905342,-98.7512188,656.8878174 
41.8905342,-98.6170578,672.0763550 
41.8905342,-98.4828968,643.7713013 
41.8905342,-98.3487358,614.4260254 
41.8905342,-98.2145748,594.9577026 
41.8905342,-98.0804138,605.4364014 
41.8905342,-97.9462528,605.4854736 
41.8905342,-97.8120918,586.7584839 
41.8905342,-97.6779308,521.1188354 
41.8905342,-97.5437698,524.4795532 
41.8905342,-97.4096088,503.0628052 
41.8905342,-97.2754478,455.0461121 
41.8905342,-97.1412868,512.0260010 
41.8905342,-97.0071259,501.5354919 
41.8905342,-96.8729649,439.8905640 
41.8905342,-96.7388039,401.9726257 
41.8905342,-96.6046429,440.1332703 
41.8905342,-96.4704819,395.3136902 
41.8905342,-96.3363209,425.5865784 
41.8905342,-96.2021599,316.1144104 
41.8905342,-96.0679989,315.5783386 
41.8905342,-95.9338379,374.3738098 
41.8905342,-95.7996769,378.2002563 
41.8905342,-95.6655159,411.1303101 
41.8905342,-95.5313549,412.6151123 
41.8905342,-95.3971939,415.6063538 
41.8905342,-95.2630329,449.8105164 
41.8905342,-95.1288719,448.7156372 
41.8905342,-94.9947109,433.7231140 
41.8905342,-94.8605499,430.1793518 
41.8905342,-94.7263889,362.5353394 
41.9568875,-101.3002778,1050.2569580 
41.9568875,-101.1661168,1017.4058228 
41.9568875,-101.0319558,1003.9877319 
41.9568875,-100.8977948,980.2779541 
41.9568875,-100.7636338,942.4016724 
41.9568875,-100.6294728,911.3189087 
41.9568875,-100.4953118,876.0630493 
41.9568875,-100.3611508,861.7832031 
41.9568875,-100.2269898,849.4438477 
41.9568875,-100.0928288,820.1611328 
41.9568875,-99.9586678,777.0498657 
41.9568875,-99.8245068,764.7531128 
41.9568875,-99.6903458,747.7709351 
41.9568875,-99.5561848,766.1456299 
41.9568875,-99.4220238,722.7558594 
41.9568875,-99.2878628,734.5064087 
41.9568875,-99.1537018,729.1327515 
41.9568875,-99.0195408,696.6726074 
41.9568875,-98.8853798,665.2147827 
41.9568875,-98.7512188,675.8637085 
41.9568875,-98.6170578,645.3836060 
41.9568875,-98.4828968,620.9598389 
41.9568875,-98.3487358,599.2213135 
41.9568875,-98.2145748,613.6723022 
41.9568875,-98.0804138,597.5321655 
41.9568875,-97.9462528,583.9915771 
41.9568875,-97.8120918,556.0018921 
41.9568875,-97.6779308,543.0314941 
41.9568875,-97.5437698,517.4184570 
41.9568875,-97.4096088,492.4961548 
41.9568875,-97.2754478,469.8955688 
41.9568875,-97.1412868,440.7875671 
41.9568875,-97.0071259,473.7606506 
41.9568875,-96.8729649,415.5143738 
41.9568875,-96.7388039,429.4708862 
41.9568875,-96.6046429,427.6638794 
41.9568875,-96.4704819,393.5470886 
41.9568875,-96.3363209,390.9994507 
41.9568875,-96.2021599,320.3427429 
41.9568875,-96.0679989,317.9492798 
41.9568875,-95.9338379,342.4384460 
41.9568875,-95.7996769,340.2598267 
41.9568875,-95.6655159,414.6759338 
41.9568875,-95.5313549,360.9305725 
41.9568875,-95.3971939,406.2127075 
41.9568875,-95.2630329,440.8582153 
41.9568875,-95.1288719,439.2709656 
41.9568875,-94.9947109,425.7879944 
41.9568875,-94.8605499,406.5072021 
41.9568875,-94.7263889,384.8566284 
42.0232407,-101.3002778,1047.3951416 
42.0232407,-101.1661168,1030.8188477 
42.0232407,-101.0319558,999.7573242 
42.0232407,-100.8977948,959.6372070 
42.0232407,-100.7636338,933.9659424 
42.0232407,-100.6294728,906.2137451 
42.0232407,-100.4953118,901.6287842 
42.0232407,-100.3611508,879.0278320 
42.0232407,-100.2269898,827.3292847 
42.0232407,-100.0928288,788.8280640 
42.0232407,-99.9586678,800.9880981 
42.0232407,-99.8245068,783.7999268 
42.0232407,-99.6903458,780.7628174 
42.0232407,-99.5561848,739.8671875 
42.0232407,-99.4220238,722.0914917 
42.0232407,-99.2878628,727.5429688 
42.0232407,-99.1537018,726.8325806 
42.0232407,-99.0195408,696.0217285 
42.0232407,-98.8853798,679.4208984 
42.0232407,-98.7512188,660.5576172 
42.0232407,-98.6170578,640.7387085 
42.0232407,-98.4828968,623.1813965 
42.0232407,-98.3487358,609.8548584 
42.0232407,-98.2145748,607.2623291 
42.0232407,-98.0804138,573.0483398 
42.0232407,-97.9462528,568.2014160 
42.0232407,-97.8120918,534.4291992 
42.0232407,-97.6779308,490.4531860 
42.0232407,-97.5437698,476.3054810 
42.0232407,-97.4096088,461.9928894 
42.0232407,-97.2754478,523.8747559 
42.0232407,-97.1412868,503.5013733 
42.0232407,-97.0071259,425.7342224 
42.0232407,-96.8729649,445.7915649 
42.0232407,-96.7388039,448.8533936 
42.0232407,-96.6046429,421.3326416 
42.0232407,-96.4704819,415.8202209 
42.0232407,-96.3363209,387.9164429 
42.0232407,-96.2021599,319.9484253 
42.0232407,-96.0679989,318.7246704 
42.0232407,-95.9338379,345.7794495 
42.0232407,-95.7996769,415.5213013 
42.0232407,-95.6655159,383.0422974 
42.0232407,-95.5313549,404.1096497 
42.0232407,-95.3971939,398.2705078 
42.0232407,-95.2630329,393.6929016 
42.0232407,-95.1288719,434.3340149 
42.0232407,-94.9947109,437.6259155 
42.0232407,-94.8605499,393.2366943 
42.0232407,-94.7263889,366.3982849 
42.0895940,-101.3002778,1060.7587891 
42.0895940,-101.1661168,1019.8345337 
42.0895940,-101.0319558,1011.0319824 
42.0895940,-100.8977948,969.4214478 
42.0895940,-100.7636338,935.1104736 
42.0895940,-100.6294728,918.8192749 
42.0895940,-100.4953118,891.3713379 
42.0895940,-100.3611508,859.2799072 
42.0895940,-100.2269898,823.3668823 
42.0895940,-100.0928288,806.9450684 
42.0895940,-99.9586678,804.7673340 
42.0895940,-99.8245068,781.1553345 
42.0895940,-99.6903458,748.7083740 
42.0895940,-99.5561848,736.7871094 
42.0895940,-99.4220238,744.7851562 
42.0895940,-99.2878628,753.3387451 
42.0895940,-99.1537018,721.4985962 
42.0895940,-99.0195408,714.1259766 
42.0895940,-98.8853798,680.5417480 
42.0895940,-98.7512188,657.3538818 
42.0895940,-98.6170578,630.3847656 
42.0895940,-98.4828968,614.4301758 
42.0895940,-98.3487358,611.3455811 
42.0895940,-98.2145748,596.0810547 
42.0895940,-98.0804138,564.7259521 
42.0895940,-97.9462528,515.9608765 
42.0895940,-97.8120918,558.3889771 
42.0895940,-97.6779308,536.8228149 
42.0895940,-97.5437698,519.4087524 
42.0895940,-97.4096088,473.0812683 
42.0895940,-97.2754478,537.0161743 
42.0895940,-97.1412868,458.6148682 
42.0895940,-97.0071259,486.5137024 
42.0895940,-96.8729649,434.7144775 
42.0895940,-96.7388039,452.2959290 
42.0895940,-96.6046429,427.7585449 
42.0895940,-96.4704819,418.3775940 
42.0895940,-96.3363209,337.0168152 
42.0895940,-96.2021599,323.0452271 
42.0895940,-96.0679989,321.6005249 
42.0895940,-95.9338379,394.1368408 
42.0895940,-95.7996769,425.6895752 
42.0895940,-95.6655159,407.3028259 
42.0895940,-95.5313549,423.6042480 
42.0895940,-95.3971939,414.8103027 
42.0895940,-95.2630329,404.6896667 
42.0895940,-95.1288719,408.9933472 
42.0895940,-94.9947109,400.3756409 
42.0895940,-94.8605499,387.1429138 
42.0895940,-94.7263889,371.0637207 
42.1559473,-101.3002778,1031.6395264 
42.1559473,-101.1661168,1018.5443115 
42.1559473,-101.0319558,1010.9616089 
42.1559473,-100.8977948,969.4606934 
42.1559473,-100.7636338,948.3774414 
42.1559473,-100.6294728,908.3613892 
42.1559473,-100.4953118,885.0059814 
42.1559473,-100.3611508,830.6979370 
42.1559473,-100.2269898,840.5211182 
42.1559473,-100.0928288,823.9204712 
42.1559473,-99.9586678,798.1802368 
42.1559473,-99.8245068,779.8087769 
42.1559473,-99.6903458,772.0787964 
42.1559473,-99.5561848,756.2159424 
42.1559473,-99.4220238,751.3776245 
42.1559473,-99.2878628,768.6831055 
42.1559473,-99.1537018,731.3142700 
42.1559473,-99.0195408,706.4979248 
42.1559473,-98.8853798,673.2731323 
42.1559473,-98.7512188,646.4443359 
42.1559473,-98.6170578,620.4413452 
42.1559473,-98.4828968,615.7034302 
42.1559473,-98.3487358,600.5202026 
42.1559473,-98.2145748,557.9169922 
42.1559473,-98.0804138,533.1358032 
42.1559473,-97.9462528,567.6541138 
42.1559473,-97.8120918,551.1724854 
42.1559473,-97.6779308,516.2984009 
42.1559473,-97.5437698,505.9881897 
42.1559473,-97.4096088,503.1300049 
42.1559473,-97.2754478,545.9295044 
42.1559473,-97.1412868,500.0633850 
42.1559473,-97.0071259,476.6360168 
42.1559473,-96.8729649,462.6454773 
42.1559473,-96.7388039,408.1535950 
42.1559473,-96.6046429,425.7967224 
42.1559473,-96.4704819,393.5716858 
42.1559473,-96.3363209,320.4949341 
42.1559473,-96.2021599,324.5463867 
42.1559473,-96.0679989,318.4477234 
42.1559473,-95.9338379,354.6232910 
42.1559473,-95.7996769,345.9296570 
42.1559473,-95.6655159,371.9268494 
42.1559473,-95.5313549,440.1611633 
42.1559473,-95.3971939,422.7131042 
42.1559473,-95.2630329,378.0771179 
42.1559473,-95.1288719,436.0974426 
42.1559473,-94.9947109,412.4586487 
42.1559473,-94.8605499,379.0936584 
42.1559473,-94.7263889,342.2687988 
42.2223006,-101.3002778,1080.4023438 
42.2223006,-101.1661168,1020.1604614 
42.2223006,-101.0319558,993.8590088 
42.2223006,-100.8977948,954.5881958 
42.2223006,-100.7636338,928.5352173 
42.2223006,-100.6294728,905.3126831 
42.2223006,-100.4953118,911.6665039 
42.2223006,-100.3611508,863.8718262 
42.2223006,-100.2269898,845.2845459 
42.2223006,-100.0928288,848.1613770 
42.2223006,-99.9586678,797.8042603 
42.2223006,-99.8245068,787.9224243 
42.2223006,-99.6903458,780.1975708 
42.2223006,-99.5561848,783.4545288 
42.2223006,-99.4220238,773.4113159 
42.2223006,-99.2878628,757.4366455 
42.2223006,-99.1537018,720.3860474 
42.2223006,-99.0195408,695.7357178 
42.2223006,-98.8853798,660.0198364 
42.2223006,-98.7512188,640.0318604 
42.2223006,-98.6170578,618.6300659 
42.2223006,-98.4828968,609.0071411 
42.2223006,-98.3487358,580.0288086 
42.2223006,-98.2145748,567.7799683 
42.2223006,-98.0804138,586.7213135 
42.2223006,-97.9462528,554.2080078 
42.2223006,-97.8120918,523.8236694 
42.2223006,-97.6779308,535.1155396 
42.2223006,-97.5437698,483.9939270 
42.2223006,-97.4096088,529.6192017 
42.2223006,-97.2754478,543.4772949 
42.2223006,-97.1412868,462.9817505 
42.2223006,-97.0071259,439.0979309 
42.2223006,-96.8729649,447.6832886 
42.2223006,-96.7388039,451.5434875 
42.2223006,-96.6046429,436.9013672 
42.2223006,-96.4704819,362.5405579 
42.2223006,-96.3363209,323.0033569 
42.2223006,-96.2021599,326.0114746 
42.2223006,-96.0679989,322.2875977 
42.2223006,-95.9338379,350.1397095 
42.2223006,-95.7996769,388.2951660 
42.2223006,-95.6655159,398.9423828 
42.2223006,-95.5313549,418.1188354 
42.2223006,-95.3971939,434.6457825 
42.2223006,-95.2630329,421.2701416 
42.2223006,-95.1288719,402.8162537 
42.2223006,-94.9947109,398.6354370 
42.2223006,-94.8605499,377.1034851 
42.2223006,-94.7263889,354.2478943 
42.2886538,-101.3002778,1052.6898193 
42.2886538,-101.1661168,1016.7128906 
42.2886538,-101.0319558,1000.0529175 
42.2886538,-100.8977948,961.2410889 
42.2886538,-100.7636338,914.0653687 
42.2886538,-100.6294728,871.4918213 
42.2886538,-100.4953118,881.4692383 
42.2886538,-100.3611508,856.5400391 
42.2886538,-100.2269898,883.4447021 
42.2886538,-100.0928288,826.0000000 
42.2886538,-99.9586678,807.3062134 
42.2886538,-99.8245068,806.3579102 
42.2886538,-99.6903458,790.1892700 
42.2886538,-99.5561848,768.5427246 
42.2886538,-99.4220238,761.6072998 
42.2886538,-99.2878628,757.3936768 
42.2886538,-99.1537018,709.3606567 
42.2886538,-99.0195408,680.6522217 
42.2886538,-98.8853798,654.2402954 
42.2886538,-98.7512188,639.6038208 
42.2886538,-98.6170578,626.9807739 
42.2886538,-98.4828968,597.8972168 
42.2886538,-98.3487358,579.1802368 
42.2886538,-98.2145748,604.5151367 
42.2886538,-98.0804138,585.9627686 
42.2886538,-97.9462528,573.2592163 
42.2886538,-97.8120918,520.2763672 
42.2886538,-97.6779308,500.8298645 
42.2886538,-97.5437698,513.0081177 
42.2886538,-97.4096088,542.0897827 
42.2886538,-97.2754478,497.8613281 
42.2886538,-97.1412868,472.1672974 
42.2886538,-97.0071259,464.4257507 
42.2886538,-96.8729649,424.5579529 
42.2886538,-96.7388039,442.5906982 
42.2886538,-96.6046429,421.2433472 
42.2886538,-96.4704819,430.8605957 
42.2886538,-96.3363209,326.3416443 
42.2886538,-96.2021599,328.6809998 
42.2886538,-96.0679989,375.9389648 
42.2886538,-95.9338379,407.3677063 
42.2886538,-95.7996769,415.1494751 
42.2886538,-95.6655159,387.7229614 
42.2886538,-95.5313549,433.1355896 
42.2886538,-95.3971939,435.7321472 
42.2886538,-95.2630329,438.7375183 
42.2886538,-95.1288719,392.2860718 
42.2886538,-94.9947109,371.2923889 
42.2886538,-94.8605499,359.9616394 
42.2886538,-94.7263889,369.0291443 
42.3550071,-101.3002778,1035.7700195 
42.3550071,-101.1661168,1036.0758057 
42.3550071,-101.0319558,983.3214111 
42.3550071,-100.8977948,943.6013794 
42.3550071,-100.7636338,903.2611694 
42.3550071,-100.6294728,909.9589844 
42.3550071,-100.4953118,873.8820190 
42.3550071,-100.3611508,875.7671509 
42.3550071,-100.2269898,855.9547729 
42.3550071,-100.0928288,839.8583374 
42.3550071,-99.9586678,838.9546509 
42.3550071,-99.8245068,811.0280151 
42.3550071,-99.6903458,782.7383423 
42.3550071,-99.5561848,763.6452026 
42.3550071,-99.4220238,742.5562134 
42.3550071,-99.2878628,725.1380615 
42.3550071,-99.1537018,696.2752686 
42.3550071,-99.0195408,679.8497314 
42.3550071,-98.8853798,654.7460938 
42.3550071,-98.7512188,633.2547607 
42.3550071,-98.6170578,613.7686157 
42.3550071,-98.4828968,579.4417114 
42.3550071,-98.3487358,607.3967285 
42.3550071,-98.2145748,579.0765991 
42.3550071,-98.0804138,561.7752686 
42.3550071,-97.9462528,555.9403076 
42.3550071,-97.8120918,513.0452881 
42.3550071,-97.6779308,503.4172668 
42.3550071,-97.5437698,517.6912231 
42.3550071,-97.4096088,527.5490723 
42.3550071,-97.2754478,525.2759399 
42.3550071,-97.1412868,472.9424133 
42.3550071,-97.0071259,474.7704468 
42.3550071,-96.8729649,465.6753235 
42.3550071,-96.7388039,454.1098022 
42.3550071,-96.6046429,405.7365112 
42.3550071,-96.4704819,332.6170044 
42.3550071,-96.3363209,330.7487183 
42.3550071,-96.2021599,328.4815674 
42.3550071,-96.0679989,365.9104004 
42.3550071,-95.9338379,357.6645813 
42.3550071,-95.7996769,412.5828552 
42.3550071,-95.6655159,412.6338196 
42.3550071,-95.5313549,417.1357422 
42.3550071,-95.3971939,419.1932678 
42.3550071,-95.2630329,416.6065063 
42.3550071,-95.1288719,410.4020691 
42.3550071,-94.9947109,357.0625916 
42.3550071,-94.8605499,370.1327209 
42.3550071,-94.7263889,374.5033875 
42.4213604,-101.3002778,1011.7250977 
42.4213604,-101.1661168,998.3520508 
42.4213604,-101.0319558,981.4132690 
42.4213604,-100.8977948,971.9509888 
42.4213604,-100.7636338,962.8998413 
42.4213604,-100.6294728,914.4456177 
42.4213604,-100.4953118,888.5907593 
42.4213604,-100.3611508,888.9834595 
42.4213604,-100.2269898,847.4210815 
42.4213604,-100.0928288,828.0097656 
42.4213604,-99.9586678,833.0647583 
42.4213604,-99.8245068,798.1247559 
42.4213604,-99.6903458,771.0240479 
42.4213604,-99.5561848,756.4732666 
42.4213604,-99.4220238,728.4213257 
42.4213604,-99.2878628,710.5195923 
42.4213604,-99.1537018,682.0933228 
42.4213604,-99.0195408,663.5806885 
42.4213604,-98.8853798,638.1131592 
42.4213604,-98.7512188,617.0400391 
42.4213604,-98.6170578,597.6821899 
42.4213604,-98.4828968,605.0106812 
42.4213604,-98.3487358,581.8355713 
42.4213604,-98.2145748,532.1771240 
42.4213604,-98.0804138,516.8283081 
42.4213604,-97.9462528,532.5336304 
42.4213604,-97.8120918,526.3717041 
42.4213604,-97.6779308,511.9176025 
42.4213604,-97.5437698,544.9811401 
42.4213604,-97.4096088,541.7677002 
42.4213604,-97.2754478,497.0611572 
42.4213604,-97.1412868,456.5676880 
42.4213604,-97.0071259,437.5151978 
42.4213604,-96.8729649,436.7418823 
42.4213604,-96.7388039,420.0839539 
42.4213604,-96.6046429,378.7274170 
42.4213604,-96.4704819,334.5656128 
42.4213604,-96.3363209,371.2666016 
42.4213604,-96.2021599,342.7539978 
42.4213604,-96.0679989,363.3231201 
42.4213604,-95.9338379,417.5543823 
42.4213604,-95.7996769,407.1853638 
42.4213604,-95.6655159,430.8818970 
42.4213604,-95.5313549,415.4136353 
42.4213604,-95.3971939,404.4112854 
42.4213604,-95.2630329,426.4196167 
42.4213604,-95.1288719,418.9219666 
42.4213604,-94.9947109,385.4053650 
42.4213604,-94.8605499,373.1820374 
42.4213604,-94.7263889,370.8731689 
42.4877137,-101.3002778,1009.0971069 
42.4877137,-101.1661168,975.1624146 
42.4877137,-101.0319558,956.2551880 
42.4877137,-100.8977948,934.7579346 
42.4877137,-100.7636338,930.1663208 
42.4877137,-100.6294728,898.8905640 
42.4877137,-100.4953118,894.6585693 
42.4877137,-100.3611508,865.9309692 
42.4877137,-100.2269898,834.1224365 
42.4877137,-100.0928288,822.6472168 
42.4877137,-99.9586678,798.6184692 
42.4877137,-99.8245068,774.7940674 
42.4877137,-99.6903458,732.7858276 
42.4877137,-99.5561848,740.2680054 
42.4877137,-99.4220238,726.0087891 
42.4877137,-99.2878628,699.7987671 
42.4877137,-99.1537018,670.9250488 
42.4877137,-99.0195408,644.7029419 
42.4877137,-98.8853798,626.8585815 
42.4877137,-98.7512188,626.0358276 
42.4877137,-98.6170578,607.8010254 
42.4877137,-98.4828968,590.9980469 
42.4877137,-98.3487358,566.2388306 
42.4877137,-98.2145748,555.4635010 
42.4877137,-98.0804138,502.4942627 
42.4877137,-97.9462528,506.3618164 
42.4877137,-97.8120918,531.4985352 
42.4877137,-97.6779308,555.4877930 
42.4877137,-97.5437698,528.7255249 
42.4877137,-97.4096088,529.4429321 
42.4877137,-97.2754478,504.8073120 
42.4877137,-97.1412868,464.4529419 
42.4877137,-97.0071259,473.6609497 
42.4877137,-96.8729649,436.6896667 
42.4877137,-96.7388039,401.6264343 
42.4877137,-96.6046429,392.6339722 
42.4877137,-96.4704819,333.7738647 
42.4877137,-96.3363209,374.0452881 
42.4877137,-96.2021599,373.5534668 
42.4877137,-96.0679989,361.2900696 
42.4877137,-95.9338379,419.8552856 
42.4877137,-95.7996769,340.5270081 
42.4877137,-95.6655159,422.1694336 
42.4877137,-95.5313549,440.8603210 
42.4877137,-95.3971939,426.8573914 
42.4877137,-95.2630329,440.1826477 
42.4877137,-95.1288719,435.5459290 
42.4877137,-94.9947109,385.3752441 
42.4877137,-94.8605499,368.4412842 
42.4877137,-94.7263889,371.7796326 
42.5540669,-101.3002778,1038.1563721 
42.5540669,-101.1661168,958.0105591 
42.5540669,-101.0319558,936.5655518 
42.5540669,-100.8977948,918.8242798 
42.5540669,-100.7636338,912.8501587 
42.5540669,-100.6294728,905.0184326 
42.5540669,-100.4953118,884.6322632 
42.5540669,-100.3611508,848.2453613 
42.5540669,-100.2269898,830.6614990 
42.5540669,-100.0928288,801.9523926 
42.5540669,-99.9586678,783.7937622 
42.5540669,-99.8245068,761.4680176 
42.5540669,-99.6903458,725.9002075 
42.5540669,-99.5561848,716.7246094 
42.5540669,-99.4220238,704.6206665 
42.5540669,-99.2878628,681.5579224 
42.5540669,-99.1537018,657.1771851 
42.5540669,-99.0195408,645.8091431 
42.5540669,-98.8853798,631.1748657 
42.5540669,-98.7512188,600.5040894 
42.5540669,-98.6170578,605.0819702 
42.5540669,-98.4828968,591.6161499 
42.5540669,-98.3487358,570.6035767 
42.5540669,-98.2145748,510.2208252 
42.5540669,-98.0804138,479.3962402 
42.5540669,-97.9462528,520.6484985 
42.5540669,-97.8120918,456.9461060 
42.5540669,-97.6779308,525.3224487 
42.5540669,-97.5437698,570.4404297 
42.5540669,-97.4096088,526.9642944 
42.5540669,-97.2754478,436.1539307 
42.5540669,-97.1412868,472.6646423 
42.5540669,-97.0071259,458.5552673 
42.5540669,-96.8729649,455.9516907 
42.5540669,-96.7388039,378.4754028 
42.5540669,-96.6046429,340.0984497 
42.5540669,-96.4704819,390.8082581 
42.5540669,-96.3363209,339.0040894 
42.5540669,-96.2021599,384.2200928 
42.5540669,-96.0679989,417.1796875 
42.5540669,-95.9338379,424.5062561 
42.5540669,-95.7996769,397.9333801 
42.5540669,-95.6655159,379.3463135 
42.5540669,-95.5313549,422.9983826 
42.5540669,-95.3971939,409.6041260 
42.5540669,-95.2630329,421.1933899 
42.5540669,-95.1288719,418.2239075 
42.5540669,-94.9947109,386.2776794 
42.5540669,-94.8605499,370.1157837 
42.5540669,-94.7263889,382.1236877 
42.6204202,-101.3002778,981.9932861 
42.6204202,-101.1661168,987.8652954 
42.6204202,-101.0319558,931.0017090 
42.6204202,-100.8977948,898.5467529 
42.6204202,-100.7636338,935.3562012 
42.6204202,-100.6294728,887.7258911 
42.6204202,-100.4953118,872.5170898 
42.6204202,-100.3611508,843.9804077 
42.6204202,-100.2269898,826.3404541 
42.6204202,-100.0928288,774.9093018 
42.6204202,-99.9586678,789.2556152 
42.6204202,-99.8245068,750.9869385 
42.6204202,-99.6903458,705.6919556 
42.6204202,-99.5561848,706.9425659 
42.6204202,-99.4220238,689.3757935 
42.6204202,-99.2878628,671.0996704 
42.6204202,-99.1537018,672.5533447 
42.6204202,-99.0195408,634.1552124 
42.6204202,-98.8853798,625.5141602 
42.6204202,-98.7512188,581.5090332 
42.6204202,-98.6170578,588.4935303 
42.6204202,-98.4828968,590.4210815 
42.6204202,-98.3487358,575.5299683 
42.6204202,-98.2145748,511.3829651 
42.6204202,-98.0804138,494.6110229 
42.6204202,-97.9462528,502.5881958 
42.6204202,-97.8120918,503.8565369 
42.6204202,-97.6779308,549.1353760 
42.6204202,-97.5437698,532.6318970 
42.6204202,-97.4096088,483.8803711 
42.6204202,-97.2754478,445.1637878 
42.6204202,-97.1412868,444.6113892 
42.6204202,-97.0071259,483.9146423 
42.6204202,-96.8729649,437.6340027 
42.6204202,-96.7388039,405.1112976 
42.6204202,-96.6046429,340.4694824 
42.6204202,-96.4704819,392.9720764 
42.6204202,-96.3363209,419.4185181 
42.6204202,-96.2021599,379.6028442 
42.6204202,-96.0679989,390.6786804 
42.6204202,-95.9338379,372.0361328 
42.6204202,-95.7996769,412.4118958 
42.6204202,-95.6655159,358.8402710 
42.6204202,-95.5313549,402.4194641 
42.6204202,-95.3971939,429.2003479 
42.6204202,-95.2630329,441.7322998 
42.6204202,-95.1288719,416.7098389 
42.6204202,-94.9947109,384.7998352 
42.6204202,-94.8605499,376.0920715 
42.6204202,-94.7263889,383.2667236 
42.6867735,-101.3002778,981.6467896 
42.6867735,-101.1661168,931.7560425 
42.6867735,-101.0319558,934.7163696 
42.6867735,-100.8977948,891.0976562 
42.6867735,-100.7636338,882.2644653 
42.6867735,-100.6294728,892.1408081 
42.6867735,-100.4953118,869.5795898 
42.6867735,-100.3611508,844.6394653 
42.6867735,-100.2269898,818.5285645 
42.6867735,-100.0928288,781.2882690 
42.6867735,-99.9586678,692.6127930 
42.6867735,-99.8245068,720.1477661 
42.6867735,-99.6903458,619.9827881 
42.6867735,-99.5561848,671.0930786 
42.6867735,-99.4220238,672.6662598 
42.6867735,-99.2878628,653.9650879 
42.6867735,-99.1537018,654.6381836 
42.6867735,-99.0195408,634.1801147 
42.6867735,-98.8853798,626.5671387 
42.6867735,-98.7512188,538.8507080 
42.6867735,-98.6170578,534.1641235 
42.6867735,-98.4828968,532.5594482 
42.6867735,-98.3487358,527.0184326 
42.6867735,-98.2145748,465.0076904 
42.6867735,-98.0804138,384.9487915 
42.6867735,-97.9462528,476.6470337 
42.6867735,-97.8120918,474.1496277 
42.6867735,-97.6779308,531.4068604 
42.6867735,-97.5437698,491.9026489 
42.6867735,-97.4096088,451.3641052 
42.6867735,-97.2754478,409.3894653 
42.6867735,-97.1412868,378.2002869 
42.6867735,-97.0071259,396.6785278 
42.6867735,-96.8729649,437.0079956 
42.6867735,-96.7388039,340.8162842 
42.6867735,-96.6046429,339.1689453 
42.6867735,-96.4704819,384.5975952 
42.6867735,-96.3363209,428.9100037 
42.6867735,-96.2021599,411.1552429 
42.6867735,-96.0679989,419.5590820 
42.6867735,-95.9338379,421.9529114 
42.6867735,-95.7996769,395.1165161 
42.6867735,-95.6655159,398.9905396 
42.6867735,-95.5313549,401.7531128 
42.6867735,-95.3971939,441.6971741 
42.6867735,-95.2630329,446.5647888 
42.6867735,-95.1288719,406.9263000 
42.6867735,-94.9947109,395.9123840 
42.6867735,-94.8605499,389.0384216 
42.6867735,-94.7263889,379.7132263 
42.7531268,-101.3002778,970.4266968 
42.7531268,-101.1661168,943.7605591 
42.7531268,-101.0319558,906.5306396 
42.7531268,-100.8977948,894.9822388 
42.7531268,-100.7636338,865.6058350 
42.7531268,-100.6294728,863.9361572 
42.7531268,-100.4953118,851.6337891 
42.7531268,-100.3611508,819.3824463 
42.7531268,-100.2269898,783.9537354 
42.7531268,-100.0928288,760.5135498 
42.7531268,-99.9586678,711.0748901 
42.7531268,-99.8245068,655.8530884 
42.7531268,-99.6903458,677.5374146 
42.7531268,-99.5561848,673.7473755 
42.7531268,-99.4220238,602.6182251 
42.7531268,-99.2878628,636.4954834 
42.7531268,-99.1537018,616.3928223 
42.7531268,-99.0195408,605.2182007 
42.7531268,-98.8853798,585.0242920 
42.7531268,-98.7512188,553.9480591 
42.7531268,-98.6170578,516.7389526 
42.7531268,-98.4828968,491.9090576 
42.7531268,-98.3487358,472.1273804 
42.7531268,-98.2145748,499.0366211 
42.7531268,-98.0804138,455.1128845 
42.7531268,-97.9462528,373.6229248 
42.7531268,-97.8120918,534.0902100 
42.7531268,-97.6779308,542.2467041 
42.7531268,-97.5437698,433.3084412 
42.7531268,-97.4096088,429.2208557 
42.7531268,-97.2754478,389.8840942 
42.7531268,-97.1412868,390.6677551 
42.7531268,-97.0071259,342.8201599 
42.7531268,-96.8729649,348.3618469 
42.7531268,-96.7388039,342.7694092 
42.7531268,-96.6046429,348.3513794 
42.7531268,-96.4704819,408.3813782 
42.7531268,-96.3363209,417.3250427 
42.7531268,-96.2021599,361.2427063 
42.7531268,-96.0679989,415.9551697 
42.7531268,-95.9338379,426.3399658 
42.7531268,-95.7996769,429.4713745 
42.7531268,-95.6655159,425.6517639 
42.7531268,-95.5313549,356.0852966 
42.7531268,-95.3971939,430.9090881 
42.7531268,-95.2630329,437.5383911 
42.7531268,-95.1288719,391.7409973 
42.7531268,-94.9947109,399.2287598 
42.7531268,-94.8605499,390.6359253 
42.7531268,-94.7263889,387.5891724 
42.8194801,-101.3002778,914.7502441 
42.8194801,-101.1661168,917.7153931 
42.8194801,-101.0319558,920.5589600 
42.8194801,-100.8977948,869.3948364 
42.8194801,-100.7636338,867.1749268 
42.8194801,-100.6294728,807.3126831 
42.8194801,-100.4953118,807.9865112 
42.8194801,-100.3611508,810.9427490 
42.8194801,-100.2269898,771.6622314 
42.8194801,-100.0928288,699.2166138 
42.8194801,-99.9586678,731.6334839 
42.8194801,-99.8245068,749.3300171 
42.8194801,-99.6903458,725.8532715 
42.8194801,-99.5561848,686.4038086 
42.8194801,-99.4220238,646.8332520 
42.8194801,-99.2878628,608.9385986 
42.8194801,-99.1537018,580.1433716 
42.8194801,-99.0195408,566.7775269 
42.8194801,-98.8853798,542.5794678 
42.8194801,-98.7512188,469.1425781 
42.8194801,-98.6170578,537.4957886 
42.8194801,-98.4828968,461.1409607 
42.8194801,-98.3487358,452.3810730 
42.8194801,-98.2145748,429.3541260 
42.8194801,-98.0804138,451.6475830 
42.8194801,-97.9462528,423.4248657 
42.8194801,-97.8120918,476.0839844 
42.8194801,-97.6779308,434.7369995 
42.8194801,-97.5437698,455.6838379 
42.8194801,-97.4096088,381.1280212 
42.8194801,-97.2754478,405.0608521 
42.8194801,-97.1412868,352.4822998 
42.8194801,-97.0071259,350.5460510 
42.8194801,-96.8729649,373.6643372 
42.8194801,-96.7388039,370.5943909 
42.8194801,-96.6046429,343.8800659 
42.8194801,-96.4704819,409.1029053 
42.8194801,-96.3363209,426.3916931 
42.8194801,-96.2021599,376.6535645 
42.8194801,-96.0679989,387.4382019 
42.8194801,-95.9338379,431.2400208 
42.8194801,-95.7996769,444.2213745 
42.8194801,-95.6655159,422.2456360 
42.8194801,-95.5313549,408.6364136 
42.8194801,-95.3971939,439.4569397 
42.8194801,-95.2630329,428.0850525 
42.8194801,-95.1288719,399.2486572 
42.8194801,-94.9947109,416.8605652 
42.8194801,-94.8605499,397.7612915 
42.8194801,-94.7263889,383.6921082 
42.8858333,-101.3002778,962.7197266 
42.8858333,-101.1661168,939.6198120 
42.8858333,-101.0319558,928.4284668 
42.8858333,-100.8977948,893.8240967 
42.8858333,-100.7636338,860.6992188 
42.8858333,-100.6294728,784.6125488 
42.8858333,-100.4953118,733.2103271 
42.8858333,-100.3611508,759.8936157 
42.8858333,-100.2269898,786.0661011 
42.8858333,-100.0928288,784.5101318 
42.8858333,-99.9586678,755.2676392 
42.8858333,-99.8245068,725.5493164 
42.8858333,-99.6903458,685.1242065 
42.8858333,-99.5561848,676.3761597 
42.8858333,-99.4220238,651.8554688 
42.8858333,-99.2878628,593.7156372 
42.8858333,-99.1537018,577.2954102 
42.8858333,-99.0195408,500.9795837 
42.8858333,-98.8853798,559.7738037 
42.8858333,-98.7512188,525.7292480 
42.8858333,-98.6170578,509.7440186 
42.8858333,-98.4828968,490.6994629 
42.8858333,-98.3487358,437.2997437 
42.8858333,-98.2145748,453.3994446 
42.8858333,-98.0804138,436.9128723 
42.8858333,-97.9462528,413.0549316 
42.8858333,-97.8120918,370.5715027 
42.8858333,-97.6779308,446.2887878 
42.8858333,-97.5437698,440.6339722 
42.8858333,-97.4096088,375.6849060 
42.8858333,-97.2754478,357.5869446 
42.8858333,-97.1412868,352.8031006 
42.8858333,-97.0071259,351.7071838 
42.8858333,-96.8729649,371.2143555 
42.8858333,-96.7388039,405.4813843 
42.8858333,-96.6046429,382.0147705 
42.8858333,-96.4704819,362.6162415 
42.8858333,-96.3363209,448.1723022 
42.8858333,-96.2021599,385.0966187 
42.8858333,-96.0679989,399.6750183 
42.8858333,-95.9338379,428.6239929 
42.8858333,-95.7996769,445.5403442 
42.8858333,-95.6655159,426.8862000 
42.8858333,-95.5313549,424.1545410 
42.8858333,-95.3971939,422.2995605 
42.8858333,-95.2630329,408.4431152 
42.8858333,-95.1288719,417.7354736 
42.8858333,-94.9947109,412.7481689 
42.8858333,-94.8605499,399.2402649 
42.8858333,-94.7263889,377.6569214 
